  5.00 -9.99E+00 -9.99E+00 -9.99E+00 -9.99E+00  3.16E-03  4.34E-04  4.21E-03  1.69E-04  4.66E-03  1.45E-04  4.36E-03  1.51E-04  3.54E-03  1.43E-04  2.75E-03  1.99E-04 -9.99E+00 -9.99E+00 -9.99E+00 -9.99E+00 -9.99E+00 -9.99E+00
 15.00 -9.99E+00 -9.99E+00  2.09E-03  1.47E-04  2.80E-03  1.04E-04  3.53E-03  1.18E-04  3.96E-03  1.19E-04  3.50E-03  1.43E-04  3.20E-03  2.50E-04  2.26E-03  1.38E-04 -9.99E+00 -9.99E+00 -9.99E+00 -9.99E+00 -9.99E+00 -9.99E+00
 25.00  8.63E-04  9.42E-05  1.62E-03  6.98E-05  2.43E-03  6.81E-05  3.10E-03  6.96E-05  3.96E-03  7.48E-05  4.21E-03  7.26E-05  3.81E-03  1.01E-04  2.28E-03  3.48E-04 -9.99E+00 -9.99E+00 -9.99E+00 -9.99E+00 -9.99E+00 -9.99E+00
 35.00  9.15E-04  5.20E-05  1.54E-03  4.64E-05  2.29E-03  4.75E-05  2.88E-03  4.73E-05  3.53E-03  5.71E-05  3.92E-03  5.17E-05  3.85E-03  4.87E-05  2.59E-03  5.80E-05 -9.99E+00 -9.99E+00 -9.99E+00 -9.99E+00  4.59E-04  8.67E-05
 45.00  7.71E-04  3.04E-05  1.44E-03  3.73E-05  2.15E-03  3.82E-05  3.03E-03  3.83E-05  3.57E-03  3.36E-05  3.74E-03  4.05E-05  3.63E-03  4.73E-05  2.47E-03  4.37E-05 -9.99E+00 -9.99E+00  2.92E-04  7.81E-05  4.93E-04  4.04E-05
 55.00  1.06E-03  3.02E-05  1.65E-03  3.26E-05  2.33E-03  4.06E-05  3.12E-03  5.33E-05  3.41E-03  7.68E-05  3.59E-03  4.80E-05  3.19E-03  5.64E-05  2.34E-03  4.84E-05  3.70E-04  6.17E-05  4.89E-04  3.62E-05  7.06E-04  2.51E-05
 65.00  8.75E-04  2.74E-05  1.12E-03  3.17E-05  2.17E-03  5.16E-05  2.85E-03  8.97E-05  3.19E-03  1.46E-04  3.64E-03  1.27E-04  3.12E-03  5.12E-05  2.23E-03  5.92E-05  3.50E-04  3.97E-05  5.88E-04  2.16E-05  7.11E-04  2.18E-05
 75.00  6.58E-04  2.99E-05  1.04E-03  3.85E-05  2.01E-03  6.72E-05  2.21E-03  1.35E-04 -9.99E+00 -9.99E+00  1.88E-03  5.03E-04  3.23E-03  7.20E-05  2.09E-03  5.14E-05  4.08E-04  2.76E-05  3.86E-04  1.42E-05  5.25E-04  2.27E-05
 85.00  5.91E-04  2.72E-05  1.25E-03  4.45E-05  2.07E-03  2.79E-04  1.82E-03  1.43E-04 -9.99E+00 -9.99E+00 -9.99E+00 -9.99E+00  2.56E-03  1.62E-04  2.28E-03  6.08E-05  4.03E-04  3.44E-05  3.59E-04  2.19E-05  4.97E-04  2.85E-05
 95.00  5.25E-04  2.61E-05  1.01E-03  1.22E-04  1.92E-03  1.56E-04  1.69E-02  1.19E-03 -9.99E+00 -9.99E+00 -9.99E+00 -9.99E+00  2.51E-03  5.76E-04  1.97E-03  9.11E-05  3.25E-04  5.01E-05  3.52E-04  2.72E-05  4.07E-04  1.97E-05
105.00  4.57E-04  7.51E-05  1.49E-03  8.59E-04  1.75E-03  1.49E-04 -9.99E+00 -9.99E+00 -9.99E+00 -9.99E+00 -9.99E+00 -9.99E+00 -9.99E+00 -9.99E+00  1.83E-03  1.42E-04  3.25E-04  4.06E-05  3.63E-04  1.59E-05  3.58E-04  1.69E-05
115.00 -9.99E+00 -9.99E+00  1.70E-03  3.80E-04  1.19E-03  1.32E-04 -9.99E+00 -9.99E+00 -9.99E+00 -9.99E+00 -9.99E+00 -9.99E+00 -9.99E+00 -9.99E+00  2.41E-03  4.13E-04  4.12E-04  5.23E-05  3.31E-04  1.85E-05  3.15E-04  4.69E-05
125.00 -9.99E+00 -9.99E+00  1.17E-03  1.33E-04  1.62E-03  3.83E-04 -9.99E+00 -9.99E+00 -9.99E+00 -9.99E+00 -9.99E+00 -9.99E+00 -9.99E+00 -9.99E+00  1.27E-03  1.27E-03  3.80E-04  5.60E-05  3.16E-04  2.59E-05 -9.99E+00 -9.99E+00
135.00 -9.99E+00 -9.99E+00  1.06E-03  1.18E-04 -9.99E+00 -9.99E+00 -9.99E+00 -9.99E+00 -9.99E+00 -9.99E+00 -9.99E+00 -9.99E+00 -9.99E+00 -9.99E+00 -9.99E+00 -9.99E+00  3.03E-04  9.15E-05  2.97E-04  6.18E-05 -9.99E+00 -9.99E+00
145.00 -9.99E+00 -9.99E+00  9.94E-04  1.17E-04 -9.99E+00 -9.99E+00 -9.99E+00 -9.99E+00 -9.99E+00 -9.99E+00 -9.99E+00 -9.99E+00 -9.99E+00 -9.99E+00 -9.99E+00 -9.99E+00 -9.99E+00 -9.99E+00 -9.99E+00 -9.99E+00 -9.99E+00 -9.99E+00
155.00  4.78E-04  1.07E-04  7.42E-04  1.48E-04 -9.99E+00 -9.99E+00 -9.99E+00 -9.99E+00 -9.99E+00 -9.99E+00 -9.99E+00 -9.99E+00 -9.99E+00 -9.99E+00 -9.99E+00 -9.99E+00 -9.99E+00 -9.99E+00 -9.99E+00 -9.99E+00 -9.99E+00 -9.99E+00
165.00  1.01E-03  1.20E-04 -9.99E+00 -9.99E+00 -9.99E+00 -9.99E+00 -9.99E+00 -9.99E+00 -9.99E+00 -9.99E+00 -9.99E+00 -9.99E+00 -9.99E+00 -9.99E+00 -9.99E+00 -9.99E+00 -9.99E+00 -9.99E+00 -9.99E+00 -9.99E+00 -9.99E+00 -9.99E+00
175.00  6.48E-04  9.66E-05 -9.99E+00 -9.99E+00 -9.99E+00 -9.99E+00 -9.99E+00 -9.99E+00 -9.99E+00 -9.99E+00 -9.99E+00 -9.99E+00 -9.99E+00 -9.99E+00 -9.99E+00 -9.99E+00 -9.99E+00 -9.99E+00 -9.99E+00 -9.99E+00  1.17E-03  1.17E-03
185.00  6.79E-04  1.06E-04 -9.99E+00 -9.99E+00 -9.99E+00 -9.99E+00 -9.99E+00 -9.99E+00 -9.99E+00 -9.99E+00 -9.99E+00 -9.99E+00 -9.99E+00 -9.99E+00 -9.99E+00 -9.99E+00 -9.99E+00 -9.99E+00 -9.99E+00 -9.99E+00  3.20E-04  1.85E-04
195.00  5.02E-04  1.77E-04 -9.99E+00 -9.99E+00 -9.99E+00 -9.99E+00 -9.99E+00 -9.99E+00 -9.99E+00 -9.99E+00 -9.99E+00 -9.99E+00 -9.99E+00 -9.99E+00 -9.99E+00 -9.99E+00 -9.99E+00 -9.99E+00 -9.99E+00 -9.99E+00  4.49E-04  8.49E-05
205.00 -9.99E+00 -9.99E+00 -9.99E+00 -9.99E+00 -9.99E+00 -9.99E+00 -9.99E+00 -9.99E+00 -9.99E+00 -9.99E+00 -9.99E+00 -9.99E+00 -9.99E+00 -9.99E+00 -9.99E+00 -9.99E+00 -9.99E+00 -9.99E+00 -9.99E+00 -9.99E+00  6.14E-04  8.21E-05
215.00 -9.99E+00 -9.99E+00 -9.99E+00 -9.99E+00  1.06E-03  3.99E-04  1.52E-03  2.26E-04  1.45E-03  1.62E-04  1.82E-03  2.32E-04 -9.99E+00 -9.99E+00 -9.99E+00 -9.99E+00 -9.99E+00 -9.99E+00 -9.99E+00 -9.99E+00  3.17E-04  5.89E-05
225.00  4.38E-04  2.53E-04  7.94E-04  1.30E-04  8.80E-04  8.93E-05  1.38E-03  1.12E-04  1.64E-03  1.28E-04  1.77E-03  1.13E-04  1.50E-03  1.07E-04  1.13E-03  1.81E-04 -9.99E+00 -9.99E+00  2.30E-04  6.39E-05  4.17E-04  9.32E-05
235.00  2.71E-04  5.92E-05  5.53E-04  7.82E-05  9.54E-04  2.19E-04  1.38E-03  6.91E-04  1.77E-03  4.58E-04  3.11E-03  3.11E-03  1.71E-03  2.22E-04  1.45E-03  1.32E-04 -9.99E+00 -9.99E+00  3.22E-04  5.09E-05  2.08E-04  1.20E-04
245.00  4.14E-04  8.12E-05  9.38E-04  4.69E-04  8.96E-04  3.66E-04  1.45E-03  4.36E-04 -9.99E+00 -9.99E+00 -9.99E+00 -9.99E+00 -9.99E+00 -9.99E+00  1.15E-03  3.46E-04 -9.99E+00 -9.99E+00  3.11E-04  4.69E-05  2.37E-04  4.07E-05
255.00  1.06E-04  1.06E-04  5.81E-04  2.90E-04  6.08E-04  4.30E-04 -9.99E+00 -9.99E+00 -9.99E+00 -9.99E+00 -9.99E+00 -9.99E+00 -9.99E+00 -9.99E+00 -9.99E+00 -9.99E+00 -9.99E+00 -9.99E+00  2.72E-04  5.55E-05  2.48E-04  1.75E-04
